QIVE_API_ID=2240670422fadb214d05eb5d23dda171ddb297b8
QIVE_API_KEY=b79afb3ae5eb31729c8277dcfacc09032ffc215e

CNPJS_GUESS=17809524000392,
17809524000635,17809524000805,17809524001798,17809524001100,17809524001950,17809524001283,17809524001445,17809524001526,17809524002255,17809524001607,17809524002336,17809524000473,17809524002174,17809524000554,17809524001364,17809524002093,17809524001011,17809524000988,17809524000120   
CNPJS_HERING=11850562001112,09391614000540,11850562001627,11850562001465,09391614000701,11850562000655,11850562000574,11850562001546,11850562000302,11850562002003,11850562001708,11850562001201,11850562001970,11850562000140,11850562001899,11850562001384,11850562000221,11850562000736,11850562001031,09391614000973,09391614000116,11850562000817,09391614000620


DESTINO_GUESS=\\\\192.168.10.21\\Linx_Guess\\XML\\
DESTINO_HERING=\\\\192.168.10.21\\Linx_Hrg3\\XML\\

DISCORD_WEBHOOK_NFE=https://discordapp.com/api/webhooks/1404835491848654978/XZykfoehBXi1IdwENUmYJxESbXzD7xlLOCVyEHsSlQOTDJpSvlmb9fK5NoWhoxlN6f6j
